0 0 80 10 0 80
0 0 80 9.51056516295153 3.09016994374947 80
9.51056516295153 3.09016994374947 80 10 0 80
0 0 80 8.09016994374947 5.87785252292473 80
8.09016994374947 5.87785252292473 80 9.51056516295153 3.09016994374947 80
0 0 80 5.87785252292473 8.09016994374947 80
5.87785252292473 8.09016994374947 80 8.09016994374947 5.87785252292473 80
0 0 80 3.09016994374947 9.51056516295153 80
3.09016994374947 9.51056516295153 80 5.87785252292473 8.09016994374947 80
0 0 80 6.12303176911189E-16 10 80
6.12303176911189E-16 10 80 3.09016994374947 9.51056516295153 80
0 0 80 -3.09016994374947 9.51056516295154 80
-3.09016994374947 9.51056516295154 80 6.12303176911189E-16 10 80
0 0 80 -5.87785252292473 8.09016994374947 80
-5.87785252292473 8.09016994374947 80 -3.09016994374947 9.51056516295154 80
0 0 80 -8.09016994374947 5.87785252292473 80
-8.09016994374947 5.87785252292473 80 -5.87785252292473 8.09016994374947 80
0 0 80 -9.51056516295153 3.09016994374948 80
-9.51056516295153 3.09016994374948 80 -8.09016994374947 5.87785252292473 80
0 0 80 -10 1.22460635382238E-15 80
-10 1.22460635382238E-15 80 -9.51056516295153 3.09016994374948 80
0 0 80 -9.51056516295153 -3.09016994374948 80
-9.51056516295153 -3.09016994374948 80 -10 1.22460635382238E-15 80
0 0 80 -8.09016994374948 -5.87785252292473 80
-8.09016994374948 -5.87785252292473 80 -9.51056516295153 -3.09016994374948 80
0 0 80 -5.87785252292473 -8.09016994374947 80
-5.87785252292473 -8.09016994374947 80 -8.09016994374948 -5.87785252292473 80
0 0 80 -3.09016994374948 -9.51056516295153 80
-3.09016994374948 -9.51056516295153 80 -5.87785252292473 -8.09016994374947 80
0 0 80 -1.83690953073357E-15 -10 80
-1.83690953073357E-15 -10 80 -3.09016994374948 -9.51056516295153 80
0 0 80 3.09016994374947 -9.51056516295154 80
3.09016994374947 -9.51056516295154 80 -1.83690953073357E-15 -10 80
0 0 80 5.87785252292473 -8.09016994374948 80
5.87785252292473 -8.09016994374948 80 3.09016994374947 -9.51056516295154 80
0 0 80 8.09016994374947 -5.87785252292473 80
8.09016994374947 -5.87785252292473 80 5.87785252292473 -8.09016994374948 80
0 0 80 9.51056516295153 -3.09016994374948 80
9.51056516295153 -3.09016994374948 80 8.09016994374947 -5.87785252292473 80
9.51056516295153 -3.09016994374948 80 10 0 80
10 0 80 10 0 60
9.51056516295153 3.09016994374947 80 9.51056516295153 3.09016994374947 60
9.51056516295153 3.09016994374947 60 10 0 60
8.09016994374947 5.87785252292473 80 8.09016994374947 5.87785252292473 60
8.09016994374947 5.87785252292473 60 9.51056516295153 3.09016994374947 60
5.87785252292473 8.09016994374947 80 5.87785252292473 8.09016994374947 60
5.87785252292473 8.09016994374947 60 8.09016994374947 5.87785252292473 60
3.09016994374947 9.51056516295153 80 3.09016994374947 9.51056516295153 60
3.09016994374947 9.51056516295153 60 5.87785252292473 8.09016994374947 60
6.12303176911189E-16 10 80 6.12303176911189E-16 10 60
6.12303176911189E-16 10 60 3.09016994374947 9.51056516295153 60
-3.09016994374947 9.51056516295154 80 -3.09016994374947 9.51056516295154 60
-3.09016994374947 9.51056516295154 60 6.12303176911189E-16 10 60
-5.87785252292473 8.09016994374947 80 -5.87785252292473 8.09016994374947 60
-5.87785252292473 8.09016994374947 60 -3.09016994374947 9.51056516295154 60
-8.09016994374947 5.87785252292473 80 -8.09016994374947 5.87785252292473 60
-8.09016994374947 5.87785252292473 60 -5.87785252292473 8.09016994374947 60
-9.51056516295153 3.09016994374948 80 -9.51056516295153 3.09016994374948 60
-9.51056516295153 3.09016994374948 60 -8.09016994374947 5.87785252292473 60
-10 1.22460635382238E-15 80 -10 1.22460635382238E-15 60
-10 1.22460635382238E-15 60 -9.51056516295153 3.09016994374948 60
-9.51056516295153 -3.09016994374948 80 -9.51056516295153 -3.09016994374948 60
-9.51056516295153 -3.09016994374948 60 -10 1.22460635382238E-15 60
-8.09016994374948 -5.87785252292473 80 -8.09016994374948 -5.87785252292473 60
-8.09016994374948 -5.87785252292473 60 -9.51056516295153 -3.09016994374948 60
-5.87785252292473 -8.09016994374947 80 -5.87785252292473 -8.09016994374947 60
-5.87785252292473 -8.09016994374947 60 -8.09016994374948 -5.87785252292473 60
-3.09016994374948 -9.51056516295153 80 -3.09016994374948 -9.51056516295153 60
-3.09016994374948 -9.51056516295153 60 -5.87785252292473 -8.09016994374947 60
-1.83690953073357E-15 -10 80 -1.83690953073357E-15 -10 60
-1.83690953073357E-15 -10 60 -3.09016994374948 -9.51056516295153 60
3.09016994374947 -9.51056516295154 80 3.09016994374947 -9.51056516295154 60
3.09016994374947 -9.51056516295154 60 -1.83690953073357E-15 -10 60
5.87785252292473 -8.09016994374948 80 5.87785252292473 -8.09016994374948 60
5.87785252292473 -8.09016994374948 60 3.09016994374947 -9.51056516295154 60
8.09016994374947 -5.87785252292473 80 8.09016994374947 -5.87785252292473 60
8.09016994374947 -5.87785252292473 60 5.87785252292473 -8.09016994374948 60
9.51056516295153 -3.09016994374948 80 9.51056516295153 -3.09016994374948 60
9.51056516295153 -3.09016994374948 60 8.09016994374947 -5.87785252292473 60
9.51056516295153 -3.09016994374948 60 10 0 60
10 0 60 40 0 50
9.51056516295153 3.09016994374947 60 38.0422606518061 12.3606797749979 50
38.0422606518061 12.3606797749979 50 40 0 50
8.09016994374947 5.87785252292473 60 32.3606797749979 23.5114100916989 50
32.3606797749979 23.5114100916989 50 38.0422606518061 12.3606797749979 50
5.87785252292473 8.09016994374947 60 23.5114100916989 32.3606797749979 50
23.5114100916989 32.3606797749979 50 32.3606797749979 23.5114100916989 50
3.09016994374947 9.51056516295153 60 12.3606797749979 38.0422606518061 50
12.3606797749979 38.0422606518061 50 23.5114100916989 32.3606797749979 50
6.12303176911189E-16 10 60 2.44921270764475E-15 40 50
2.44921270764475E-15 40 50 12.3606797749979 38.0422606518061 50
-3.09016994374947 9.51056516295154 60 -12.3606797749979 38.0422606518061 50
-12.3606797749979 38.0422606518061 50 2.44921270764475E-15 40 50
-5.87785252292473 8.09016994374947 60 -23.5114100916989 32.3606797749979 50
-23.5114100916989 32.3606797749979 50 -12.3606797749979 38.0422606518061 50
-8.09016994374947 5.87785252292473 60 -32.3606797749979 23.5114100916989 50
-32.3606797749979 23.5114100916989 50 -23.5114100916989 32.3606797749979 50
-9.51056516295153 3.09016994374948 60 -38.0422606518061 12.3606797749979 50
-38.0422606518061 12.3606797749979 50 -32.3606797749979 23.5114100916989 50
-10 1.22460635382238E-15 60 -40 4.89842541528951E-15 50
-40 4.89842541528951E-15 50 -38.0422606518061 12.3606797749979 50
-9.51056516295153 -3.09016994374948 60 -38.0422606518061 -12.3606797749979 50
-38.0422606518061 -12.3606797749979 50 -40 4.89842541528951E-15 50
-8.09016994374948 -5.87785252292473 60 -32.3606797749979 -23.5114100916989 50
-32.3606797749979 -23.5114100916989 50 -38.0422606518061 -12.3606797749979 50
-5.87785252292473 -8.09016994374947 60 -23.5114100916989 -32.3606797749979 50
-23.5114100916989 -32.3606797749979 50 -32.3606797749979 -23.5114100916989 50
-3.09016994374948 -9.51056516295153 60 -12.3606797749979 -38.0422606518061 50
-12.3606797749979 -38.0422606518061 50 -23.5114100916989 -32.3606797749979 50
-1.83690953073357E-15 -10 60 -7.34763812293426E-15 -40 50
-7.34763812293426E-15 -40 50 -12.3606797749979 -38.0422606518061 50
3.09016994374947 -9.51056516295154 60 12.3606797749979 -38.0422606518061 50
12.3606797749979 -38.0422606518061 50 -7.34763812293426E-15 -40 50
5.87785252292473 -8.09016994374948 60 23.5114100916989 -32.3606797749979 50
23.5114100916989 -32.3606797749979 50 12.3606797749979 -38.0422606518061 50
8.09016994374947 -5.87785252292473 60 32.3606797749979 -23.5114100916989 50
32.3606797749979 -23.5114100916989 50 23.5114100916989 -32.3606797749979 50
9.51056516295153 -3.09016994374948 60 38.0422606518061 -12.3606797749979 50
38.0422606518061 -12.3606797749979 50 32.3606797749979 -23.5114100916989 50
38.0422606518061 -12.3606797749979 50 40 0 50
40 0 50 40 0 0
38.0422606518061 12.3606797749979 50 38.0422606518061 12.3606797749979 0
38.0422606518061 12.3606797749979 0 40 0 0
32.3606797749979 23.5114100916989 50 32.3606797749979 23.5114100916989 0
32.3606797749979 23.5114100916989 0 38.0422606518061 12.3606797749979 0
23.5114100916989 32.3606797749979 50 23.5114100916989 32.3606797749979 0
23.5114100916989 32.3606797749979 0 32.3606797749979 23.5114100916989 0
12.3606797749979 38.0422606518061 50 12.3606797749979 38.0422606518061 0
12.3606797749979 38.0422606518061 0 23.5114100916989 32.3606797749979 0
2.44921270764475E-15 40 50 2.44921270764475E-15 40 0
2.44921270764475E-15 40 0 12.3606797749979 38.0422606518061 0
-12.3606797749979 38.0422606518061 50 -12.3606797749979 38.0422606518061 0
-12.3606797749979 38.0422606518061 0 2.44921270764475E-15 40 0
-23.5114100916989 32.3606797749979 50 -23.5114100916989 32.3606797749979 0
-23.5114100916989 32.3606797749979 0 -12.3606797749979 38.0422606518061 0
-32.3606797749979 23.5114100916989 50 -32.3606797749979 23.5114100916989 0
-32.3606797749979 23.5114100916989 0 -23.5114100916989 32.3606797749979 0
-38.0422606518061 12.3606797749979 50 -38.0422606518061 12.3606797749979 0
-38.0422606518061 12.3606797749979 0 -32.3606797749979 23.5114100916989 0
-40 4.89842541528951E-15 50 -40 4.89842541528951E-15 0
-40 4.89842541528951E-15 0 -38.0422606518061 12.3606797749979 0
-38.0422606518061 -12.3606797749979 50 -38.0422606518061 -12.3606797749979 0
-38.0422606518061 -12.3606797749979 0 -40 4.89842541528951E-15 0
-32.3606797749979 -23.5114100916989 50 -32.3606797749979 -23.5114100916989 0
-32.3606797749979 -23.5114100916989 0 -38.0422606518061 -12.3606797749979 0
-23.5114100916989 -32.3606797749979 50 -23.5114100916989 -32.3606797749979 0
-23.5114100916989 -32.3606797749979 0 -32.3606797749979 -23.5114100916989 0
-12.3606797749979 -38.0422606518061 50 -12.3606797749979 -38.0422606518061 0
-12.3606797749979 -38.0422606518061 0 -23.5114100916989 -32.3606797749979 0
-7.34763812293426E-15 -40 50 -7.34763812293426E-15 -40 0
-7.34763812293426E-15 -40 0 -12.3606797749979 -38.0422606518061 0
12.3606797749979 -38.0422606518061 50 12.3606797749979 -38.0422606518061 0
12.3606797749979 -38.0422606518061 0 -7.34763812293426E-15 -40 0
23.5114100916989 -32.3606797749979 50 23.5114100916989 -32.3606797749979 0
23.5114100916989 -32.3606797749979 0 12.3606797749979 -38.0422606518061 0
32.3606797749979 -23.5114100916989 50 32.3606797749979 -23.5114100916989 0
32.3606797749979 -23.5114100916989 0 23.5114100916989 -32.3606797749979 0
38.0422606518061 -12.3606797749979 50 38.0422606518061 -12.3606797749979 0
38.0422606518061 -12.3606797749979 0 32.3606797749979 -23.5114100916989 0
38.0422606518061 -12.3606797749979 0 40 0 0
0 0 0 40 0 0
0 0 0 38.0422606518061 12.3606797749979 0
0 0 0 32.3606797749979 23.5114100916989 0
0 0 0 23.5114100916989 32.3606797749979 0
0 0 0 12.3606797749979 38.0422606518061 0
0 0 0 2.44921270764475E-15 40 0
0 0 0 -12.3606797749979 38.0422606518061 0
0 0 0 -23.5114100916989 32.3606797749979 0
0 0 0 -32.3606797749979 23.5114100916989 0
0 0 0 -38.0422606518061 12.3606797749979 0
0 0 0 -40 4.89842541528951E-15 0
0 0 0 -38.0422606518061 -12.3606797749979 0
0 0 0 -32.3606797749979 -23.5114100916989 0
0 0 0 -23.5114100916989 -32.3606797749979 0
0 0 0 -12.3606797749979 -38.0422606518061 0
0 0 0 -7.34763812293426E-15 -40 0
0 0 0 12.3606797749979 -38.0422606518061 0
0 0 0 23.5114100916989 -32.3606797749979 0
0 0 0 32.3606797749979 -23.5114100916989 0
0 0 0 38.0422606518061 -12.3606797749979 0
